level	taxid	completeness	abundance
genus	68	9.507187857802426E-4	0.0
genus	286	0.9284374411265442	0.0
species	287	1.0	6.944959677419355
genus	469	1.0	0.0
species	470	1.0	16.214335713285735
genus	482	1.0	0.0
species	487	1.0	38.03706154864328
genus	544	0.0342715251759571	0.0
genus	547	1.0	0.0
genus	551	0.0029533954065441943	0.0
genus	561	1.0	0.0
species	562	1.0	34.785075615410086
genus	570	1.0	0.0
species	573	1.0	32.37426067907995
genus	579	0.004196182348952408	0.0
genus	583	0.2	0.0
genus	590	0.04716188409625936	0.0
genus	613	0.004881282830666841	0.0
genus	620	1.0	0.0
genus	637	0.005208333333333333	0.0
genus	745	0.0010976948408342481	0.0
genus	1279	1.0	0.0
species	1280	1.0	16.454216682056018
genus	1301	1.0	0.0
species	1303	1.0	29.226863226863227
species	1311	1.0	74.53427592116537
species	1313	1.0	21.55417711495315
species	1314	1.0	74.01460221550856
genus	1350	1.0	0.0
species	1351	1.0	35.16184497816594
genus	1357	0.002595500262789275	0.0
genus	1578	0.004655830968194254	0.0
genus	2745	0.001001001001001001	0.0
species	28037	1.0	28.056473829201103
genus	32199	0.0075207539932600894	0.0
genus	32257	0.006962332847969257	0.0
genus	34037	0.0011771372910798403	0.0
genus	45669	9.530790759592549E-4	0.0
genus	51668	0.0019994184678171693	0.0
genus	53335	0.0022222773311868773	0.0
genus	57479	9.94131386288249E-4	0.0
genus	65047	0.001001001001001001	0.0
genus	82976	0.0010940919037199124	0.0
genus	85108	0.001001001001001001	0.0
genus	158851	0.004558895247200603	0.0
genus	158876	0.0014241415796265788	0.0
genus	160674	0.046425812286970514	0.0
genus	203804	0.001949317738791423	0.0
genus	206375	0.04	0.0
genus	212742	0.11323529411764706	0.0
species	257758	1.0	33.39371772805508
genus	269773	0.001001001001001001	0.0
genus	334108	0.0015940718310360068	0.0
genus	335058	0.001001001001001001	0.0
genus	413496	0.00205633506021502	0.0
genus	422440	0.002002002002002002	0.0
genus	451512	0.001952123815923099	0.0
genus	1330545	0.01543013921765975	0.0
genus	1330546	0.004704193325812092	0.0
genus	1330547	0.011127708121166525	0.0
genus	1335483	9.63456441406903E-4	0.0
genus	1504576	0.003029274579318379	0.0
genus	1649298	0.0020597322348094747	0.0
genus	1649295	0.0020197265967942662	0.0
genus	1780190	0.001001001001001001	0.0
genus	1822002	0.001001001001001001	0.0
genus	1906659	0.005319148936170213	0.0
genus	2055876	0.0029542097488921715	0.0
genus	2494213	0.009174311926605505	0.0